# ID,label,height,root_density,area,shape_index,linearity_top,planarity_top,sphericity_top,omnivariance_top,anisotropy_top,change_of_curvature_top,num_points
   0.00000,   0.00000,  19.73000,   0.00276,  46.98954,   1.64152,   0.70143,   0.28066,   0.01788,   0.07856,   0.98209,   0.01359,1809.00000
   1.00000,   0.00000,   8.47000,   0.00434,  53.22318,   1.86922,   0.22824,   0.71340,   0.05832,   0.08734,   0.94163,   0.03187,2076.00000
   2.00000,   0.00000,  15.57000,   0.00145, 239.90445,   4.01883,   0.30563,   0.58858,   0.10576,   0.13289,   0.89421,   0.05875,8952.00000
   3.00000,   0.00000,  16.47000,   0.00097, 265.78952,   4.28723,   0.45442,   0.34996,   0.19560,   0.27355,   0.80439,   0.11234,10279.00000
   4.00000,   0.00000,   9.75000,   0.00041, 332.97028,   4.87980,   0.14476,   0.81231,   0.04291,   0.13390,   0.95706,   0.02261,12125.00000
   5.00000,   0.00000,  13.58000,   0.00118, 102.33717,   2.63021,   0.13887,   0.81474,   0.04635,   0.08658,   0.95361,   0.02430,3384.00000
   6.00000,   0.00000,   8.33000,   0.00062,  85.87453,   2.36997,   0.58984,   0.37890,   0.03123,   0.08315,   0.96875,   0.02166,3236.00000
   7.00000,   0.00000,  17.41000,   0.00031, 365.96097,   4.82694,   0.32814,   0.37411,   0.29772,   0.25201,   0.70225,   0.15116,12870.00000
   8.00000,   0.00000,  11.57000,   0.00129, 227.85353,   3.97012,   0.38371,   0.38703,   0.22923,   0.16947,   0.77074,   0.12421,7729.00000
   9.00000,   0.00000,  14.16000,   0.00108, 180.44446,   3.25629,   0.71332,   0.13226,   0.15441,   0.19374,   0.84557,   0.10715,5565.00000
  10.00000,   0.00000,  13.56000,   0.00111, 192.89429,   3.51677,   0.20670,   0.61029,   0.18296,   0.11763,   0.81699,   0.09258,7181.00000
  11.00000,   0.00000,  18.11000,   0.00061, 277.18469,   4.48349,   0.29832,   0.45937,   0.24228,   0.21602,   0.75769,   0.12463,9795.00000
  12.00000,   0.00000,   8.54000,   0.00578,  50.15804,   1.82713,   0.36896,   0.49966,   0.13135,   0.12761,   0.86862,   0.07453,1904.00000
  13.00000,   0.00000,  15.49000,   0.00149, 172.55748,   3.39995,   0.85086,   0.03602,   0.11311,   0.26690,   0.88688,   0.08961,6037.00000
  14.00000,   0.00000,   8.39000,   0.00125, 184.25580,   3.53537,   0.09006,   0.85997,   0.04993,   0.08850,   0.95003,   0.02547,7182.00000
  15.00000,   0.00000,  13.16000,   0.00042, 765.83606,   7.11978,   0.41901,   0.47930,   0.10169,   0.37954,   0.89830,   0.06043,26353.00000
  16.00000,   0.00000,  12.85000,   0.00093, 137.01289,   3.09228,   0.12338,   0.82078,   0.05580,   0.08926,   0.94416,   0.02888,5379.00000
  17.00000,   0.00000,   8.72000,   0.00071, 208.93623,   3.64275,   0.10689,   0.86938,   0.02368,   0.06261,   0.97628,   0.01235,7010.00000
  18.00000,   0.00000,   7.56000,   0.00447,  31.18900,   1.37856,   0.26612,   0.63395,   0.09989,   0.10410,   0.90007,   0.05447,1118.00000
  19.00000,   0.00000,  10.64000,   0.00066, 157.60658,   3.30481,   0.05145,   0.71559,   0.23290,   0.12777,   0.76705,   0.10677,6018.00000
  20.00000,   0.00000,  14.74000,   0.00180, 159.40784,   3.24226,   0.51147,   0.31190,   0.17660,   0.13804,   0.82337,   0.10606,6106.00000
  21.00000,   0.00000,  16.21000,   0.00091, 188.95256,   3.48071,   0.23074,   0.73393,   0.03529,   0.07363,   0.96467,   0.01956,6609.00000
  22.00000,   0.00000,  12.54000,   0.00050, 470.96478,   5.41044,   0.23143,   0.69138,   0.07717,   0.25072,   0.92281,   0.04181,18068.00000
  23.00000,   0.00000,  14.21000,   0.00056, 389.76498,   5.05520,   0.07287,   0.90283,   0.02428,   0.13517,   0.97570,   0.01244,14381.00000
  24.00000,   0.00000,  13.73000,   0.00132, 215.41841,   3.80291,   0.07934,   0.73333,   0.18729,   0.13349,   0.81267,   0.08885,7586.00000
  25.00000,   0.00000,  10.28000,   0.00058, 110.51012,   2.74039,   0.43348,   0.53430,   0.03219,   0.08278,   0.96778,   0.02013,3441.00000
  26.00000,   0.00000,  12.06000,   0.00041, 249.50665,   4.32931,   0.29106,   0.62853,   0.08038,   0.13523,   0.91959,   0.04493,9742.00000
  27.00000,   0.00000,  12.44000,   0.00273,  80.21077,   2.35635,   0.34051,   0.57198,   0.08748,   0.11280,   0.91249,   0.05007,2194.00000
  28.00000,   0.00000,  16.87000,   0.00102, 181.70844,   3.55038,   0.20828,   0.50524,   0.28644,   0.13889,   0.71352,   0.13783,6853.00000
  29.00000,   0.00000,   9.75000,   0.00041, 294.14636,   4.37862,   0.60829,   0.34278,   0.04891,   0.14102,   0.95108,   0.03395,9829.00000
  30.00000,   0.00000,  18.71000,   0.00030, 269.60358,   4.28810,   0.44255,   0.29636,   0.26107,   0.23184,   0.73891,   0.14356,9934.00000
  31.00000,   0.00000,  12.08000,   0.00037, 358.45328,   4.96995,   0.32956,   0.59452,   0.07590,   0.18734,   0.92408,   0.04346,13589.00000
  32.00000,   0.00000,   9.80000,   0.00164, 112.81466,   2.63900,   0.42316,   0.50618,   0.07062,   0.10386,   0.92934,   0.04287,3666.00000
  33.00000,   0.00000,  20.88000,   0.00369,  57.98563,   1.95486,   0.06371,   0.68511,   0.25115,   0.18238,   0.74882,   0.11482,1897.00000
  34.00000,   0.00000,  19.61000,   0.00023, 467.45523,   5.61189,   0.38610,   0.28767,   0.32622,   0.40067,   0.67377,   0.16814,13324.00000
  35.00000,   0.00000,  10.89000,   0.00121, 200.04341,   3.67095,   0.09102,   0.73375,   0.17519,   0.12508,   0.82477,   0.08406,7408.00000
  36.00000,   0.00000,  13.81000,   0.00113, 162.12274,   3.45106,   0.72208,   0.05991,   0.21799,   0.18177,   0.78199,   0.14572,6199.00000
  37.00000,   0.00000,  11.15000,   0.00036, 234.70467,   4.05879,   0.13246,   0.79545,   0.07205,   0.10684,   0.92791,   0.03715,8436.00000
  38.00000,   0.00000,  11.09000,   0.00035, 180.44153,   3.46646,   0.40534,   0.48636,   0.10829,   0.33489,   0.89169,   0.06359,5783.00000
  39.00000,   0.00000,  12.35000,   0.00487,  39.70953,   1.58771,   0.46346,   0.50206,   0.03445,   0.12059,   0.96553,   0.02193,1233.00000
  40.00000,   0.00000,  14.22000,   0.00614,  50.67211,   1.76753,   0.25816,   0.48945,   0.25235,   0.16860,   0.74761,   0.12655,1629.00000
  41.00000,   0.00000,  14.44000,   0.00141,  70.52206,   2.12574,   0.32968,   0.63856,   0.03172,   0.06762,   0.96824,   0.01864,2827.00000
  42.00000,   0.00000,  14.30000,   0.00090, 234.41676,   3.79621,   0.70707,   0.04266,   0.25026,   0.33447,   0.74973,   0.16217,7809.00000
  43.00000,   0.00000,  14.85000,   0.00109, 267.97571,   4.31771,   0.46422,   0.20237,   0.33339,   0.24854,   0.66659,   0.17836,8235.00000
  44.00000,   0.00000,  13.72000,   0.00041, 289.01459,   4.46216,   0.16196,   0.47672,   0.36128,   0.20680,   0.63869,   0.16427,9671.00000
  45.00000,   0.00000,  16.29000,   0.00123, 169.69267,   3.40761,   0.69734,   0.15235,   0.15028,   0.18509,   0.84970,   0.10344,6490.00000
  46.00000,   0.00000,  14.45000,   0.00145, 121.09467,   2.60336,   0.21507,   0.47199,   0.31291,   0.18692,   0.68706,   0.14916,3446.00000
  47.00000,   0.00000,  12.55000,   0.00050, 368.82187,   4.78409,   0.04452,   0.91080,   0.04466,   0.15979,   0.95531,   0.02233,14114.00000
  48.00000,   0.00000,  16.14000,   0.00309,  97.99865,   2.48474,   0.59138,   0.26968,   0.13891,   0.20254,   0.86107,   0.08977,3235.00000
  49.00000,   0.00000,  16.86000,   0.00103, 143.38541,   3.01049,   0.39371,   0.35408,   0.25218,   0.18917,   0.74779,   0.13570,5832.00000
  50.00000,   0.00000,  12.30000,   0.00108, 215.28818,   3.77567,   0.47648,   0.37508,   0.14841,   0.14651,   0.85156,   0.08877,7411.00000
  51.00000,   0.00000,  10.53000,   0.00110, 218.13708,   3.89116,   0.74942,   0.04629,   0.20428,   0.21897,   0.79571,   0.14041,8210.00000
  52.00000,   0.00000,  14.08000,   0.00078, 392.70761,   5.21580,   0.34542,   0.59672,   0.05784,   0.17368,   0.94214,   0.03378,12806.00000
  53.00000,   0.00000,   8.83000,   0.00264,  71.70038,   2.22146,   0.28572,   0.59893,   0.11532,   0.10668,   0.88464,   0.06303,2650.00000
  54.00000,   0.00000,  17.84000,   0.00037, 352.29965,   4.93591,   0.14510,   0.83198,   0.02291,   0.13146,   0.97707,   0.01220,13667.00000
  55.00000,   0.00000,  14.47000,   0.00007, 374.58926,   4.99524,   0.26706,   0.56182,   0.17110,   0.30275,   0.82888,   0.08986,14235.00000
  56.00000,   0.00000,   9.91000,   0.00132, 164.58997,   3.19133,   0.10172,   0.86595,   0.03228,   0.07630,   0.96768,   0.01672,6048.00000
  57.00000,   0.00000,  18.67000,   0.00085, 247.32991,   4.14872,   0.30976,   0.49378,   0.19643,   0.21686,   0.80354,   0.10412,9368.00000
  58.00000,   0.00000,   8.58000,   0.00222,  58.97221,   1.92920,   0.46272,   0.44110,   0.09615,   0.11289,   0.90382,   0.05886,2250.00000
  59.00000,   0.00000,  10.82000,   0.00129, 219.53967,   3.84784,   0.32944,   0.64027,   0.03026,   0.08444,   0.96971,   0.01779,7774.00000
  60.00000,   0.00000,  13.26000,   0.00006,3478.11670,  12.24774,   0.62449,   0.11682,   0.25869,   2.96951,   0.74131,   0.15830,125605.00000
  61.00000,   0.00000,   9.92000,   0.00070, 158.35512,   3.25281,   0.22128,   0.23559,   0.54309,   0.18633,   0.45687,   0.23391,5709.00000
  62.00000,   0.00000,   9.90000,   0.00160, 111.88171,   2.75629,   0.32347,   0.17225,   0.50424,   0.15612,   0.49571,   0.23123,4374.00000
  63.00000,   0.00000,   7.54000,   0.00186, 114.87693,   2.78770,   0.56703,   0.39896,   0.03398,   0.07641,   0.96599,   0.02316,4297.00000
  64.00000,   0.00000,  13.44000,   0.00004, 818.74066,   7.24640,   0.40097,   0.50180,   0.09722,   0.40892,   0.90277,   0.05731,28100.00000
  65.00000,   0.00000,   8.08000,   0.00135,  58.76180,   1.96514,   0.17613,   0.78704,   0.03679,   0.07052,   0.96317,   0.01977,2224.00000
  66.00000,   0.00000,  13.29000,   0.00111, 261.61612,   3.83951,   0.46300,   0.40845,   0.12852,   0.13294,   0.87145,   0.07717,8121.00000
  67.00000,   0.00000,  18.99000,   0.00075, 152.89128,   2.89302,   0.12831,   0.83835,   0.03329,   0.06643,   0.96666,   0.01748,6679.00000
  68.00000,   0.00000,  14.67000,   0.00142, 248.82475,   4.11761,   0.28971,   0.52652,   0.18375,   0.20133,   0.81622,   0.09702,9830.00000
  69.00000,   0.00000,  12.24000,   0.00029, 370.51959,   5.10555,   0.21452,   0.72682,   0.05864,   0.17477,   0.94134,   0.03180,13880.00000
  70.00000,   0.00000,  11.89000,   0.00117, 213.33684,   3.72073,   0.72828,   0.14510,   0.12660,   0.18785,   0.87338,   0.09054,8531.00000
  71.00000,   0.00000,   7.42000,   0.00321,  45.14034,   1.65674,   0.69085,   0.28055,   0.02858,   0.16744,   0.97141,   0.02137,1245.00000
  72.00000,   0.00000,   8.27000,   0.00148,  93.72715,   2.42591,   0.22414,   0.72509,   0.05073,   0.08061,   0.94923,   0.02777,3374.00000
  73.00000,   0.00000,  14.89000,   0.00060, 435.18896,   5.05205,   0.15919,   0.79487,   0.04592,   0.18577,   0.95406,   0.02434,16585.00000
  74.00000,   0.00000,  12.57000,   0.00102, 304.26672,   4.45367,   0.25960,   0.68929,   0.05109,   0.14638,   0.94888,   0.02852,11805.00000
  75.00000,   0.00000,  11.55000,   0.00077, 111.81649,   2.67635,   0.43808,   0.45369,   0.10821,   0.14512,   0.89177,   0.06479,3905.00000
  76.00000,   0.00000,  16.51000,   0.00014, 374.31976,   5.02203,   0.36126,   0.52038,   0.11834,   0.24475,   0.88164,   0.06735,14312.00000
  77.00000,   0.00000,  19.63000,   0.00121, 147.73758,   3.14098,   0.61801,   0.22792,   0.15405,   0.17517,   0.84593,   0.10029,5800.00000
  78.00000,   0.00000,  12.12000,   0.00527,  50.74828,   1.83750,   0.72191,   0.22362,   0.05446,   0.12700,   0.94552,   0.04087,1898.00000
  79.00000,   0.00000,   8.10000,   0.00087,  90.46072,   2.37905,   0.16751,   0.76572,   0.06673,   0.08614,   0.93322,   0.03514,3435.00000
  80.00000,   0.00000,  11.90000,   0.00117, 178.66815,   3.54981,   0.46032,   0.24073,   0.29892,   0.14958,   0.70105,   0.16258,6849.00000
  81.00000,   0.00000,   9.11000,   0.00324, 122.06044,   2.84516,   0.25338,   0.67443,   0.07217,   0.18783,   0.92781,   0.03968,2775.00000
  82.00000,   0.00000,  11.19000,   0.00126, 210.98706,   3.61164,   0.48816,   0.10728,   0.40453,   0.22013,   0.59544,   0.21110,7154.00000
  83.00000,   0.00000,  14.80000,   0.00079, 223.98956,   3.88675,   0.20440,   0.56809,   0.22748,   0.17067,   0.77249,   0.11244,8878.00000
  84.00000,   0.00000,  12.11000,   0.00032, 242.06973,   4.25963,   0.43548,   0.44417,   0.12032,   0.16169,   0.87965,   0.07142,9266.00000
  85.00000,   0.00000,  12.25000,   0.00156, 144.97005,   3.07678,   0.46844,   0.35481,   0.17672,   0.16699,   0.82325,   0.10345,5144.00000
  86.00000,   0.00000,  12.10000,   0.00076, 232.11243,   4.17067,   0.51079,   0.38157,   0.10762,   0.16554,   0.89236,   0.06740,9219.00000
  87.00000,   0.00000,  12.59000,   0.00180, 173.41170,   3.42084,   0.23723,   0.71120,   0.05152,   0.07977,   0.94843,   0.02840,6658.00000
  88.00000,   0.00000,  11.60000,   0.00044, 313.23380,   4.58247,   0.19403,   0.60428,   0.20167,   0.20314,   0.79831,   0.10045,11296.00000
  89.00000,   0.00000,  11.40000,   0.00236,  89.37711,   2.49257,   0.29175,   0.40868,   0.29953,   0.15291,   0.70043,   0.14919,3397.00000
  90.00000,   0.00000,   9.77000,   0.00044, 181.55719,   3.49830,   0.20723,   0.75341,   0.03932,   0.07519,   0.96064,   0.02146,6881.00000
  91.00000,   0.00000,  20.09000,   0.00121, 164.24080,   3.27532,   0.12496,   0.27041,   0.60458,   0.15481,   0.39537,   0.24382,6591.00000
  92.00000,   0.00000,  19.53000,   0.00037, 287.62842,   4.29698,   0.38035,   0.34002,   0.27960,   0.22252,   0.72037,   0.14722,10712.00000
  93.00000,   0.00000,  11.65000,   0.00244, 110.27412,   2.63285,   0.59639,   0.39637,   0.00721,   0.05256,   0.99276,   0.00511,3696.00000
  94.00000,   0.00000,   7.23000,   0.00188,  54.43378,   1.81233,   0.51645,   0.37956,   0.10397,   0.22247,   0.89601,   0.06549,1064.00000
  95.00000,   0.00000,  14.75000,   0.00065, 238.02341,   3.92134,   0.09243,   0.78010,   0.12742,   0.12095,   0.87254,   0.06262,7740.00000
  96.00000,   0.00000,  14.82000,   0.00047, 223.76207,   3.95400,   0.26665,   0.67050,   0.06282,   0.11050,   0.93715,   0.03497,8505.00000
  97.00000,   0.00000,  20.79000,   0.00214, 163.75883,   3.23781,   0.21560,   0.70317,   0.08119,   0.10097,   0.91877,   0.04352,5608.00000
  98.00000,   0.00000,  12.49000,   0.00046, 450.63507,   5.35444,   0.18563,   0.74106,   0.07330,   0.23598,   0.92669,   0.03883,17532.00000
  99.00000,   0.00000,  13.01000,   0.00136, 162.83449,   3.24592,   0.83059,   0.08267,   0.08672,   0.34948,   0.91327,   0.06904,6622.00000
 100.00000,   1.00000,  14.29000,   0.01333,   8.86494,   0.71804,   0.69206,   0.28266,   0.02527,   0.18697,   0.97472,   0.01895, 150.00000
 101.00000,   1.00000,  12.48000,   0.00938,  10.28288,   0.78036,   0.43581,   0.52785,   0.03631,   0.08663,   0.96366,   0.02269, 320.00000
 102.00000,   1.00000,  14.71000,   0.00748,  11.17347,   0.81729,   0.38178,   0.54395,   0.07423,   0.09698,   0.92573,   0.04386, 401.00000
 103.00000,   1.00000,   8.52000,   0.01266,   9.25116,   0.75408,   0.32285,   0.64846,   0.02865,   0.07365,   0.97131,   0.01680, 316.00000
 104.00000,   1.00000,   5.31000,   0.00888,  12.52937,   0.80291,   0.15654,   0.60100,   0.24242,   0.15237,   0.75754,   0.11622, 338.00000
 105.00000,   1.00000,  13.24000,   0.00968,   9.09471,   0.74928,   0.20666,   0.75088,   0.04242,   0.07799,   0.95754,   0.02311, 310.00000
 106.00000,   1.00000,   7.73000,   0.01250,   8.19102,   0.64723,   0.70844,   0.27081,   0.02073,   0.10931,   0.97925,   0.01580, 160.00000
 107.00000,   1.00000,   5.83000,   0.00595,   8.39160,   0.72759,   0.37018,   0.57969,   0.05010,   0.08817,   0.94987,   0.02982, 336.00000
 108.00000,   1.00000,   5.93000,   0.02618,   6.29159,   0.61850,   0.57513,   0.39402,   0.03082,   0.08985,   0.96916,   0.02117, 191.00000
 109.00000,   1.00000,   6.96000,   0.00746,   7.17418,   0.65813,   0.14414,   0.81662,   0.03920,   0.07350,   0.96076,   0.02069, 268.00000
 110.00000,   1.00000,   8.04000,   0.00586,  14.89493,   0.91949,   0.59337,   0.27080,   0.13581,   0.17297,   0.86417,   0.08805, 512.00000
 111.00000,   1.00000,   8.13000,   0.01355,  10.33004,   0.78798,   0.37367,   0.59313,   0.03316,   0.07399,   0.96680,   0.01998, 369.00000
 112.00000,   1.00000,   6.47000,   0.01786,   8.30412,   0.67414,   0.71602,   0.23918,   0.04479,   0.17945,   0.95520,   0.03371, 168.00000
 113.00000,   1.00000,   6.66000,   0.00683,   9.62433,   0.77411,   0.48948,   0.49532,   0.01516,   0.05733,   0.98481,   0.00994, 293.00000
 114.00000,   1.00000,   7.11000,   0.00723,  13.89010,   0.91070,   0.35890,   0.52434,   0.11673,   0.14531,   0.88324,   0.06641, 415.00000
 115.00000,   1.00000,  13.19000,   0.01761,   8.17458,   0.68136,   0.53582,   0.42095,   0.04320,   0.08541,   0.95677,   0.02866, 284.00000
 116.00000,   1.00000,   5.80000,   0.01653,   5.60289,   0.59631,   0.42900,   0.38107,   0.18990,   0.13195,   0.81007,   0.10784, 242.00000
 117.00000,   1.00000,   9.05000,   0.01014,   8.62659,   0.70625,   0.08752,   0.88019,   0.03225,   0.07453,   0.96771,   0.01659, 296.00000
 118.00000,   1.00000,   5.60000,   0.02312,   6.61419,   0.61564,   0.68526,   0.28309,   0.03163,   0.11486,   0.96835,   0.02349, 173.00000
 119.00000,   1.00000,   7.39000,   0.00633,   8.18475,   0.67432,   0.67248,   0.30354,   0.02397,   0.14975,   0.97602,   0.01774, 158.00000
 120.00000,   1.00000,  13.78000,   0.01282,   7.13160,   0.67450,   0.63055,   0.33357,   0.03586,   0.15139,   0.96412,   0.02552, 156.00000
 121.00000,   1.00000,   9.40000,   0.03145,   7.61163,   0.64956,   0.62845,   0.33822,   0.03332,   0.16155,   0.96667,   0.02372, 159.00000
 122.00000,   1.00000,  11.39000,   0.03012,   8.59353,   0.74334,   0.55626,   0.38422,   0.05951,   0.20397,   0.94048,   0.03959, 166.00000
 123.00000,   1.00000,   7.83000,   0.02349,   8.72217,   0.71796,   0.75381,   0.22471,   0.02146,   0.08648,   0.97852,   0.01693, 298.00000
 124.00000,   1.00000,   6.60000,   0.00802,  12.87499,   0.85449,   0.47284,   0.34649,   0.18064,   0.15594,   0.81933,   0.10578, 499.00000
 125.00000,   1.00000,  11.46000,   0.01866,   7.79772,   0.69409,   0.57086,   0.40235,   0.02676,   0.08136,   0.97321,   0.01838, 268.00000
 126.00000,   1.00000,   9.37000,   0.01812,   8.00998,   0.71071,   0.06488,   0.75600,   0.17907,   0.12871,   0.82088,   0.08470, 276.00000
 127.00000,   1.00000,   8.59000,   0.00667,  14.68989,   0.94764,   0.40923,   0.54129,   0.04945,   0.09514,   0.95052,   0.03015, 450.00000
 128.00000,   1.00000,  14.24000,   0.00699,   6.81889,   0.64698,   0.66326,   0.31374,   0.02299,   0.15343,   0.97700,   0.01691, 143.00000
 129.00000,   1.00000,   7.71000,   0.01415,  10.78225,   0.78839,   0.50806,   0.43668,   0.05523,   0.09551,   0.94474,   0.03570, 424.00000
 130.00000,   1.00000,   6.09000,   0.00311,   8.81977,   0.73987,   0.46397,   0.47798,   0.05801,   0.09243,   0.94195,   0.03640, 322.00000
 131.00000,   1.00000,   5.82000,   0.00857,   9.88334,   0.77274,   0.61629,   0.35380,   0.02988,   0.07904,   0.97009,   0.02114, 350.00000
 132.00000,   1.00000,   6.55000,   0.00898,   8.95834,   0.73332,   0.52413,   0.41889,   0.05696,   0.10144,   0.94301,   0.03716, 334.00000
 133.00000,   1.00000,  13.42000,   0.00990,  10.94272,   0.80483,   0.25132,   0.65643,   0.09221,   0.11442,   0.90775,   0.05009, 404.00000
 134.00000,   1.00000,   6.01000,   0.01748,  10.03240,   0.77443,   0.29544,   0.64689,   0.05763,   0.09134,   0.94233,   0.03271, 286.00000
 135.00000,   1.00000,  13.75000,   0.01980,  10.76440,   0.80042,   0.55919,   0.37870,   0.06209,   0.10391,   0.93789,   0.04131, 404.00000
 136.00000,   1.00000,   7.29000,   0.00524,   8.88224,   0.72375,   0.57994,   0.38247,   0.03757,   0.16101,   0.96241,   0.02578, 191.00000
 137.00000,   1.00000,   5.04000,   0.02256,   7.10742,   0.65955,   0.69310,   0.25821,   0.04868,   0.21702,   0.95131,   0.03591, 133.00000
 138.00000,   1.00000,   6.58000,   0.01531,   6.20334,   0.57449,   0.67311,   0.22882,   0.09805,   0.14005,   0.90193,   0.06881, 196.00000
 139.00000,   1.00000,   9.58000,   0.01423,   8.52955,   0.72350,   0.40535,   0.55124,   0.04338,   0.08857,   0.95659,   0.02648, 281.00000
 140.00000,   1.00000,   6.09000,   0.00571,   9.24194,   0.75869,   0.52827,   0.42421,   0.04748,   0.09260,   0.95248,   0.03126, 350.00000
 141.00000,   1.00000,   8.03000,   0.02797,   7.37130,   0.66436,   0.68740,   0.27939,   0.03320,   0.17274,   0.96678,   0.02467, 143.00000
 142.00000,   1.00000,   5.97000,   0.01961,   8.00279,   0.66640,   0.63292,   0.31806,   0.04901,   0.17428,   0.95098,   0.03461, 153.00000
 143.00000,   1.00000,   6.12000,   0.01342,   8.74345,   0.72874,   0.15595,   0.79414,   0.04986,   0.08302,   0.95009,   0.02633, 298.00000
 144.00000,   1.00000,   7.38000,   0.01695,   9.68236,   0.77155,   0.03128,   0.89033,   0.07834,   0.09595,   0.92161,   0.03827, 295.00000
 145.00000,   1.00000,   7.54000,   0.01840,   6.68329,   0.62111,   0.73872,   0.23253,   0.02873,   0.15405,   0.97125,   0.02227, 163.00000
 146.00000,   1.00000,   6.28000,   0.01550,   7.35991,   0.66326,   0.69289,   0.25661,   0.05049,   0.23394,   0.94950,   0.03719, 129.00000
 147.00000,   1.00000,  13.74000,   0.02020,  10.05250,   0.79456,   0.32458,   0.66158,   0.01380,   0.06081,   0.98616,   0.00817, 297.00000
 148.00000,   1.00000,  13.49000,   0.01520,   8.66794,   0.74486,   0.41794,   0.52524,   0.05678,   0.08927,   0.94318,   0.03465, 329.00000
 149.00000,   1.00000,   6.45000,   0.01869,   8.29900,   0.70390,   0.68884,   0.27436,   0.03678,   0.09232,   0.96319,   0.02729, 321.00000
 150.00000,   1.00000,   6.08000,   0.00971,   8.90249,   0.71876,   0.16877,   0.78179,   0.04941,   0.10762,   0.95056,   0.02627, 309.00000
 151.00000,   1.00000,   6.24000,   0.01099,   8.84955,   0.73964,   0.51425,   0.42455,   0.06119,   0.19968,   0.93879,   0.03956, 182.00000
 152.00000,   1.00000,   8.49000,   0.00723,  14.82450,   0.93323,   0.27397,   0.62978,   0.09621,   0.10976,   0.90375,   0.05280, 553.00000
 153.00000,   1.00000,  11.05000,   0.01515,   6.47625,   0.59577,   0.86257,   0.11080,   0.02662,   0.18400,   0.97337,   0.02287, 132.00000
 154.00000,   1.00000,   6.23000,   0.01887,   5.96297,   0.61226,   0.76892,   0.21667,   0.01440,   0.12906,   0.98559,   0.01156, 106.00000
 155.00000,   1.00000,  10.03000,   0.00625,   9.00344,   0.70471,   0.65022,   0.32147,   0.02830,   0.16875,   0.97169,   0.02053, 160.00000
 156.00000,   1.00000,  14.68000,   0.01003,  13.04421,   0.83991,   0.48642,   0.41323,   0.10033,   0.16009,   0.89965,   0.06217, 299.00000
 157.00000,   1.00000,   7.47000,   0.01929,   9.26575,   0.75253,   0.33721,   0.62418,   0.03857,   0.08378,   0.96139,   0.02267, 311.00000
 158.00000,   1.00000,   9.34000,   0.00993,   7.98480,   0.68887,   0.33384,   0.62253,   0.04359,   0.08125,   0.95637,   0.02549, 302.00000
 159.00000,   1.00000,   7.00000,   0.02190,   6.55110,   0.59182,   0.81440,   0.17053,   0.01506,   0.11323,   0.98493,   0.01254, 137.00000
 160.00000,   1.00000,   7.16000,   0.01571,   8.07495,   0.67853,   0.53502,   0.43444,   0.03052,   0.12822,   0.96946,   0.02041, 191.00000
 161.00000,   1.00000,   6.34000,   0.01597,   9.32291,   0.74616,   0.39785,   0.56407,   0.03805,   0.10120,   0.96192,   0.02320, 313.00000
 162.00000,   1.00000,   7.40000,   0.01109,  13.16259,   0.83750,   0.30522,   0.63209,   0.06266,   0.10321,   0.93731,   0.03565, 451.00000
 163.00000,   1.00000,   6.40000,   0.00943,   3.44042,   0.48160,   0.67877,   0.31159,   0.00962,   0.06825,   0.99036,   0.00723, 106.00000
 164.00000,   1.00000,   5.92000,   0.00549,  11.07593,   0.82109,   0.08926,   0.85248,   0.05823,   0.11619,   0.94174,   0.02957, 364.00000
 165.00000,   1.00000,  12.21000,   0.02985,   7.86262,   0.66368,   0.83127,   0.14572,   0.02300,   0.18595,   0.97699,   0.01930, 134.00000
 166.00000,   1.00000,   5.89000,   0.01130,   8.97563,   0.73534,   0.66714,   0.31964,   0.01320,   0.12368,   0.98679,   0.00981, 177.00000
 167.00000,   1.00000,   5.58000,   0.01408,   7.38482,   0.64720,   0.70372,   0.26854,   0.02773,   0.17970,   0.97226,   0.02094, 142.00000
 168.00000,   1.00000,   6.30000,   0.01295,  11.67682,   0.81086,   0.45262,   0.51594,   0.03140,   0.07378,   0.96856,   0.01989, 386.00000
 169.00000,   1.00000,   7.82000,   0.00552,   9.97085,   0.77520,   0.29192,   0.68035,   0.02769,   0.06431,   0.97227,   0.01595, 362.00000
 170.00000,   1.00000,   8.24000,   0.00755,   7.79099,   0.68924,   0.24195,   0.71647,   0.04154,   0.08262,   0.95842,   0.02308, 265.00000
 171.00000,   1.00000,   8.16000,   0.02007,  10.03469,   0.77194,   0.46269,   0.46256,   0.07472,   0.10343,   0.92525,   0.04635, 299.00000
 172.00000,   1.00000,  11.43000,   0.01596,   7.44543,   0.62733,   0.62648,   0.34766,   0.02584,   0.11027,   0.97414,   0.01847, 188.00000
 173.00000,   1.00000,   6.73000,   0.00727,   7.71157,   0.68925,   0.48120,   0.47581,   0.04296,   0.09344,   0.95701,   0.02751, 275.00000
 174.00000,   1.00000,  13.42000,   0.01429,   7.38714,   0.67673,   0.62456,   0.32385,   0.05158,   0.20760,   0.94841,   0.03614, 140.00000
 175.00000,   1.00000,   5.70000,   0.02703,   6.04230,   0.56036,   0.85234,   0.10939,   0.03826,   0.16867,   0.96173,   0.03226, 148.00000
 176.00000,   1.00000,   9.68000,   0.00896,  11.13019,   0.82374,   0.40367,   0.50076,   0.09554,   0.13006,   0.90443,   0.05647, 335.00000
 177.00000,   1.00000,   6.16000,   0.00730,   9.19187,   0.74231,   0.36288,   0.61227,   0.02481,   0.07273,   0.97515,   0.01493, 274.00000
 178.00000,   1.00000,   9.35000,   0.02532,   7.55716,   0.67118,   0.66617,   0.30232,   0.03150,   0.11687,   0.96848,   0.02307, 158.00000
 179.00000,   1.00000,   6.12000,   0.01149,   7.92737,   0.69053,   0.18391,   0.79514,   0.02090,   0.06450,   0.97906,   0.01138, 261.00000
 180.00000,   1.00000,   5.98000,   0.02027,   7.44340,   0.68287,   0.54745,   0.36292,   0.08962,   0.21532,   0.91037,   0.05811, 148.00000
 181.00000,   1.00000,   8.03000,   0.00785,  11.50012,   0.83120,   0.07403,   0.83870,   0.08723,   0.09926,   0.91273,   0.04333, 382.00000
 182.00000,   1.00000,   6.59000,   0.00292,   9.18636,   0.75190,   0.38547,   0.55597,   0.05852,   0.09459,   0.94144,   0.03498, 342.00000
 183.00000,   1.00000,   9.82000,   0.00806,  10.47317,   0.75919,   0.31975,   0.60211,   0.07810,   0.10360,   0.92187,   0.04442, 372.00000
 184.00000,   1.00000,   8.20000,   0.00285,  11.10201,   0.77506,   0.31168,   0.66408,   0.02420,   0.06901,   0.97576,   0.01413, 351.00000
 185.00000,   1.00000,   5.97000,   0.00815,  13.31413,   0.87027,   0.11236,   0.81874,   0.06887,   0.10493,   0.93110,   0.03520, 368.00000
 186.00000,   1.00000,   9.97000,   0.01471,   8.43776,   0.69141,   0.37893,   0.60988,   0.01117,   0.06158,   0.98880,   0.00684, 272.00000
 187.00000,   1.00000,  10.05000,   0.01597,  10.71248,   0.74172,   0.49014,   0.41090,   0.09893,   0.13283,   0.90104,   0.06150, 313.00000
 188.00000,   1.00000,   9.98000,   0.01240,  10.70871,   0.73716,   0.57146,   0.25507,   0.17344,   0.18682,   0.82654,   0.10827, 242.00000
 189.00000,   1.00000,   8.89000,   0.02041,  11.29787,   0.80441,   0.55653,   0.37215,   0.07130,   0.12292,   0.92867,   0.04707, 343.00000
 190.00000,   1.00000,   6.58000,   0.00651,   8.93464,   0.73631,   0.20130,   0.74906,   0.04959,   0.08079,   0.95037,   0.02683, 307.00000
 191.00000,   1.00000,  14.46000,   0.00676,   8.59181,   0.69134,   0.55128,   0.43581,   0.01287,   0.06056,   0.98710,   0.00881, 296.00000
 192.00000,   1.00000,   5.07000,   0.01894,   8.67410,   0.75889,   0.17881,   0.75211,   0.06904,   0.11039,   0.93092,   0.03653, 264.00000
 193.00000,   1.00000,   5.48000,   0.00613,   8.18776,   0.70800,   0.69031,   0.28400,   0.02567,   0.15838,   0.97431,   0.01923, 163.00000
 194.00000,   1.00000,   8.20000,   0.00255,  12.28750,   0.83575,   0.42421,   0.55494,   0.02082,   0.07010,   0.97915,   0.01304, 392.00000
 195.00000,   1.00000,   8.42000,   0.00990,   5.40282,   0.56708,   0.83468,   0.11857,   0.04674,   0.23999,   0.95325,   0.03856, 101.00000
 196.00000,   1.00000,   5.83000,   0.01724,   8.93780,   0.75811,   0.55657,   0.39501,   0.04841,   0.17981,   0.95158,   0.03245, 174.00000
 197.00000,   1.00000,   5.64000,   0.01899,   9.20600,   0.74969,   0.22162,   0.74180,   0.03655,   0.07571,   0.96341,   0.02014, 316.00000
 198.00000,   1.00000,   7.90000,   0.01429,   8.04453,   0.70796,   0.36848,   0.58720,   0.04428,   0.08442,   0.95569,   0.02642, 280.00000
 199.00000,   1.00000,  14.23000,   0.01463,  10.00127,   0.77768,   0.33061,   0.60495,   0.06442,   0.18485,   0.93556,   0.03716, 205.00000
 200.00000,   2.00000,   5.64000,   0.01478,  13.04739,   0.53045,   0.94468,   0.01751,   0.03781,   0.24198,   0.96218,   0.03459, 203.00000
 201.00000,   2.00000,   7.82000,   0.00504, 277.54947,   3.63619,   0.81397,   0.12001,   0.06601,   0.27296,   0.93398,   0.05273, 993.00000
 202.00000,   2.00000,   8.99000,   0.01163,  21.95217,   0.53693,   0.95634,   0.03941,   0.00425,   0.18424,   0.99575,   0.00406, 344.00000
 203.00000,   2.00000,   7.30000,   0.02632,  14.53158,   0.53761,   0.92981,   0.06234,   0.00784,   0.16293,   0.99215,   0.00728, 266.00000
 204.00000,   2.00000,   7.50000,   0.00375,1275.06934,   8.45624,   0.95376,   0.04307,   0.00317,   0.20329,   0.99682,   0.00303,2133.00000
 205.00000,   2.00000,   8.97000,   0.03738,   5.97937,   0.34859,   0.98880,   0.00925,   0.00194,   0.14007,   0.99805,   0.00192, 107.00000
 206.00000,   2.00000,   6.59000,   0.02027,   4.63516,   0.25238,   0.97706,   0.01548,   0.00745,   0.15234,   0.99254,   0.00723, 148.00000
 207.00000,   2.00000,   8.17000,   0.00907,  51.38210,   0.96736,   0.97380,   0.01524,   0.01096,   0.22379,   0.98904,   0.01057, 441.00000
 208.00000,   2.00000,   4.15000,   0.00844, 217.65511,   2.89222,   0.94880,   0.01352,   0.03767,   0.19364,   0.96232,   0.03459, 829.00000
 209.00000,   2.00000,   7.10000,   0.00468,  27.33938,   0.44245,   0.63265,   0.35077,   0.01657,   0.20804,   0.98342,   0.01197, 641.00000
 210.00000,   2.00000,   8.13000,   0.00486,  77.63789,   1.09075,   0.89602,   0.08623,   0.01775,   0.22344,   0.98224,   0.01582, 823.00000
 211.00000,   2.00000,   6.63000,   0.04348,   3.91519,   0.24720,   0.97225,   0.02123,   0.00651,   0.13816,   0.99349,   0.00629, 138.00000
 212.00000,   2.00000,   8.19000,   0.02885,   7.11577,   0.30885,   0.96428,   0.02532,   0.01040,   0.18061,   0.98960,   0.00994, 208.00000
 213.00000,   2.00000,   9.45000,   0.00333,1887.22937,   9.22680,   0.94942,   0.04314,   0.00744,   0.22732,   0.99256,   0.00703,2705.00000
 214.00000,   2.00000,   5.21000,   0.02000,   6.14695,   0.20865,   0.97832,   0.01877,   0.00291,   0.14950,   0.99709,   0.00284, 200.00000
 215.00000,   2.00000,   8.84000,   0.00418, 938.87531,   6.87476,   0.77770,   0.10613,   0.11616,   0.43226,   0.88383,   0.08679,1436.00000
 216.00000,   2.00000,   5.39000,   0.00444, 676.19897,   6.44197,   0.40831,   0.45199,   0.13969,   0.46806,   0.86030,   0.08068,1351.00000
 217.00000,   2.00000,  10.21000,   0.00529, 103.30141,   1.75874,   0.81274,   0.08337,   0.10389,   0.62219,   0.89610,   0.08046, 378.00000
 218.00000,   2.00000,   7.30000,   0.00800,  13.05397,   0.31364,   0.97907,   0.01795,   0.00298,   0.15692,   0.99702,   0.00291, 250.00000
 219.00000,   2.00000,   7.64000,   0.03846,   4.00395,   0.32837,   0.95504,   0.01868,   0.02627,   0.11998,   0.97372,   0.02453, 156.00000
 220.00000,   2.00000,   4.30000,   0.00564, 985.69141,   7.81651,   0.98710,   0.00713,   0.00576,   0.10184,   0.99423,   0.00566,1773.00000
 221.00000,   2.00000,   6.89000,   0.02067,  27.02599,   0.80889,   0.93040,   0.03606,   0.03353,   0.12769,   0.96646,   0.03039, 387.00000
 222.00000,   2.00000,   7.49000,   0.01091,  10.49598,   0.38829,   0.90332,   0.08650,   0.01017,   0.14185,   0.98982,   0.00919, 275.00000
 223.00000,   2.00000,   7.86000,   0.01361,  18.68611,   0.68705,   0.99084,   0.00366,   0.00550,   0.49797,   0.99450,   0.00542, 147.00000
 224.00000,   2.00000,   8.38000,   0.00206, 647.78528,   5.70838,   0.97393,   0.01883,   0.00724,   0.23748,   0.99276,   0.00701,1459.00000
 225.00000,   2.00000,   5.54000,   0.01172,  23.48526,   0.58532,   0.98587,   0.00208,   0.01204,   0.21486,   0.98795,   0.01174, 256.00000
 226.00000,   2.00000,   7.12000,   0.00129, 751.64935,   6.57045,   0.89429,   0.09051,   0.01519,   0.18424,   0.98480,   0.01356,1556.00000
 227.00000,   2.00000,   6.41000,   0.00467,  89.33231,   1.72072,   0.96065,   0.00983,   0.02952,   0.20728,   0.97048,   0.02761, 428.00000
 228.00000,   2.00000,   5.69000,   0.02357,  30.39240,   0.96343,   0.96495,   0.02367,   0.01138,   0.15534,   0.98862,   0.01087, 297.00000
 229.00000,   2.00000,   3.66000,   0.02284, 139.10838,   2.60564,   0.67165,   0.22333,   0.10501,   0.29496,   0.89498,   0.07326, 394.00000
 230.00000,   2.00000,   7.82000,   0.01453,  17.41073,   0.33879,   0.91475,   0.07249,   0.01276,   0.19873,   0.98723,   0.01162, 413.00000
 231.00000,   2.00000,   4.90000,   0.05882,   6.48463,   0.57840,   0.75491,   0.16606,   0.07902,   0.34922,   0.92098,   0.05968, 119.00000
 232.00000,   2.00000,   7.34000,   0.00743, 138.20512,   2.21590,   0.95162,   0.03954,   0.00884,   0.18498,   0.99116,   0.00836, 673.00000
 233.00000,   2.00000,   4.91000,   0.01210, 145.16951,   2.63496,   0.92583,   0.06697,   0.00720,   0.23079,   0.99279,   0.00666, 496.00000
 234.00000,   2.00000,   8.53000,   0.00355, 770.63812,   6.65814,   0.77719,   0.10004,   0.12276,   0.47616,   0.87723,   0.09123,1974.00000
 235.00000,   2.00000,   6.69000,   0.01025, 110.72543,   2.04827,   0.91292,   0.04901,   0.03807,   0.29548,   0.96193,   0.03383, 488.00000
 236.00000,   2.00000,   7.84000,   0.02167,  14.84627,   0.43972,   0.96524,   0.02501,   0.00974,   0.14520,   0.99025,   0.00933, 323.00000
 237.00000,   2.00000,   4.45000,   0.02703,  12.91195,   0.82212,   0.73784,   0.21581,   0.04635,   0.59217,   0.95365,   0.03542, 111.00000
 238.00000,   2.00000,   4.00000,   0.03101,   3.83930,   0.27266,   0.96530,   0.02683,   0.00787,   0.16099,   0.99213,   0.00754, 129.00000
 239.00000,   2.00000,   4.54000,   0.02888,  30.40672,   1.03502,   0.96053,   0.03089,   0.00858,   0.24452,   0.99142,   0.00819, 277.00000
 240.00000,   2.00000,   9.08000,   0.01838,  54.10516,   0.92328,   0.93319,   0.05566,   0.01114,   0.14527,   0.98885,   0.01034, 544.00000
 241.00000,   2.00000,   5.40000,   0.03797,  28.20844,   0.97845,   0.96651,   0.01023,   0.02326,   0.29168,   0.97674,   0.02201, 237.00000
 242.00000,   2.00000,   7.68000,   0.03378,  10.27328,   0.45431,   0.97061,   0.02097,   0.00841,   0.38189,   0.99159,   0.00811, 148.00000
 243.00000,   2.00000,   4.17000,   0.06250,   3.65116,   0.29595,   0.95593,   0.03432,   0.00975,   0.16753,   0.99025,   0.00925, 112.00000
 244.00000,   2.00000,   6.33000,   0.01065,  28.06772,   0.43663,   0.97937,   0.01258,   0.00805,   0.21151,   0.99194,   0.00783, 657.00000
 245.00000,   2.00000,   8.53000,   0.00676, 386.32404,   4.83828,   0.92766,   0.05133,   0.02101,   0.26717,   0.97899,   0.01921,1184.00000
 246.00000,   2.00000,   6.13000,   0.00295, 349.94092,   4.32290,   0.62236,   0.27928,   0.09836,   0.31909,   0.90163,   0.06664,1356.00000
 247.00000,   2.00000,   7.86000,   0.00151,2854.74097,   8.14147,   0.96420,   0.02629,   0.00950,   0.14074,   0.99050,   0.00909,4626.00000
 248.00000,   2.00000,   5.23000,   0.00171,1536.53052,   9.04036,   0.81527,   0.05105,   0.13367,   0.46225,   0.86632,   0.10139,1759.00000
 249.00000,   2.00000,   5.65000,   0.00327,  51.84994,   1.12996,   0.68248,   0.28606,   0.03146,   0.18359,   0.96853,   0.02332, 611.00000
 250.00000,   2.00000,   4.25000,   0.01688,  78.56157,   1.88688,   0.89751,   0.10144,   0.00104,   0.29529,   0.99896,   0.00094, 237.00000
 251.00000,   2.00000,   9.90000,   0.00272, 633.66119,   6.13176,   0.82778,   0.11156,   0.06065,   0.57996,   0.93934,   0.04920,1101.00000
 252.00000,   2.00000,   6.85000,   0.00265,1212.65186,   8.19419,   0.90969,   0.08265,   0.00766,   0.22877,   0.99234,   0.00697,1890.00000
 253.00000,   2.00000,   7.82000,   0.02115,  13.05749,   0.42232,   0.55005,   0.39716,   0.05277,   0.21611,   0.94721,   0.03512, 331.00000
 254.00000,   2.00000,   6.05000,   0.02198,   7.37954,   0.35637,   0.98054,   0.00784,   0.01162,   0.15249,   0.98838,   0.01127, 182.00000
 255.00000,   2.00000,   6.38000,   0.03756,  10.70221,   0.43217,   0.97832,   0.00822,   0.01345,   0.22980,   0.98654,   0.01300, 213.00000
 256.00000,   2.00000,   3.15000,   0.00787, 145.70134,   2.24859,   0.93881,   0.05524,   0.00595,   0.15639,   0.99404,   0.00558, 635.00000
 257.00000,   2.00000,   8.26000,   0.00447, 511.30219,   4.81660,   0.76324,   0.16675,   0.07000,   0.28666,   0.92999,   0.05357,1119.00000
 258.00000,   2.00000,   7.60000,   0.00661,  14.87010,   0.31587,   0.63510,   0.35104,   0.01385,   0.16770,   0.98614,   0.01005, 605.00000
 259.00000,   2.00000,   6.24000,   0.00738,  10.47180,   0.27691,   0.90433,   0.08079,   0.01487,   0.24265,   0.98512,   0.01339, 271.00000
 260.00000,   2.00000,   6.26000,   0.01465,  56.09475,   1.22136,   0.81605,   0.16676,   0.01717,   0.16825,   0.98282,   0.01430, 546.00000
 261.00000,   2.00000,   6.76000,   0.00116, 778.46948,   6.14470,   0.20215,   0.56285,   0.23496,   0.16098,   0.76500,   0.11559,1730.00000
 262.00000,   2.00000,   7.19000,   0.01923,  29.69667,   0.86973,   0.82305,   0.08468,   0.09226,   0.52193,   0.90773,   0.07269, 260.00000
 263.00000,   2.00000,   5.35000,   0.01630,  10.63810,   0.55334,   0.94574,   0.03946,   0.01480,   0.19145,   0.98520,   0.01384, 184.00000
 264.00000,   2.00000,   7.14000,   0.00531,  22.49313,   0.54471,   0.91878,   0.07351,   0.00770,   0.18299,   0.99229,   0.00707, 377.00000
 265.00000,   2.00000,   4.86000,   0.00507, 330.59219,   3.08024,   0.98415,   0.01400,   0.00185,   0.14370,   0.99815,   0.00182,1184.00000
 266.00000,   2.00000,   5.50000,   0.00111, 624.81567,   5.57691,   0.97639,   0.01631,   0.00730,   0.15226,   0.99270,   0.00708,1805.00000
 267.00000,   2.00000,   6.19000,   0.00612,  92.40558,   1.91239,   0.81891,   0.14938,   0.03170,   0.18154,   0.96829,   0.02613, 490.00000
 268.00000,   2.00000,   5.61000,   0.03409,   5.46819,   0.31535,   0.96084,   0.02785,   0.01130,   0.14173,   0.98870,   0.01076, 176.00000
 269.00000,   2.00000,   7.36000,   0.02488,   9.63763,   0.60051,   0.76785,   0.06310,   0.16904,   0.26476,   0.83095,   0.12064, 201.00000
 270.00000,   2.00000,   7.35000,   0.01690,  45.93197,   1.05847,   0.97022,   0.02242,   0.00735,   0.16603,   0.99264,   0.00709, 355.00000
 271.00000,   2.00000,   5.81000,   0.01067,  16.60753,   0.56122,   0.84790,   0.13316,   0.01892,   0.12547,   0.98106,   0.01616, 375.00000
 272.00000,   2.00000,   7.88000,   0.03318,  15.53287,   0.92643,   0.46275,   0.50653,   0.03071,   0.29399,   0.96928,   0.01959, 211.00000
 273.00000,   2.00000,   6.03000,   0.00177, 101.76958,   1.92701,   0.98978,   0.00781,   0.00240,   0.24278,   0.99760,   0.00237, 566.00000
 274.00000,   2.00000,   4.87000,   0.02273,   8.93452,   0.27705,   0.99231,   0.00605,   0.00165,   0.21214,   0.99835,   0.00163, 176.00000
 275.00000,   2.00000,   6.38000,   0.00829, 143.05705,   2.51149,   0.89770,   0.08606,   0.01624,   0.24963,   0.98376,   0.01452, 724.00000
 276.00000,   2.00000,   7.03000,   0.02692,  22.33552,   0.70559,   0.91623,   0.04572,   0.03805,   0.30035,   0.96195,   0.03392, 260.00000
 277.00000,   2.00000,   7.24000,   0.01918,  19.85199,   0.59623,   0.95315,   0.03317,   0.01367,   0.16921,   0.98632,   0.01289, 365.00000
 278.00000,   2.00000,   4.32000,   0.00605,  87.11785,   1.43495,   0.97833,   0.01839,   0.00329,   0.19309,   0.99671,   0.00321, 496.00000
 279.00000,   2.00000,   5.09000,   0.01290, 106.37486,   2.33816,   0.97678,   0.01844,   0.00478,   0.24398,   0.99522,   0.00465, 310.00000
 280.00000,   2.00000,   7.57000,   0.02555,  33.94061,   1.27855,   0.68611,   0.26910,   0.04478,   0.25837,   0.95521,   0.03296, 274.00000
 281.00000,   2.00000,   7.13000,   0.01308,  28.78128,   0.49261,   0.92579,   0.06839,   0.00582,   0.27723,   0.99418,   0.00539, 535.00000
 282.00000,   2.00000,   6.87000,   0.03089,  37.61879,   1.09252,   0.83327,   0.13606,   0.03067,   0.32691,   0.96932,   0.02562, 259.00000
 283.00000,   2.00000,   3.89000,   0.03419,  10.16894,   0.35955,   0.96805,   0.02029,   0.01165,   0.19172,   0.98834,   0.01117, 234.00000
 284.00000,   2.00000,   4.95000,   0.00220, 307.30862,   3.94123,   0.75609,   0.23282,   0.01108,   0.18940,   0.98891,   0.00883, 908.00000
 285.00000,   2.00000,   6.42000,   0.00447, 402.74103,   4.71836,   0.55543,   0.41132,   0.03324,   0.22172,   0.96675,   0.02249, 671.00000
 286.00000,   2.00000,   8.26000,   0.00388, 923.91357,   7.04736,   0.25676,   0.52140,   0.22183,   0.55889,   0.77816,   0.11289,1805.00000
 287.00000,   2.00000,   8.54000,   0.05333,  12.82781,   0.60790,   0.73644,   0.15924,   0.10432,   0.38639,   0.89567,   0.07626, 150.00000
 288.00000,   2.00000,   8.45000,   0.00258,1066.46216,   6.49829,   0.94474,   0.04635,   0.00890,   0.19129,   0.99109,   0.00837,2322.00000
 289.00000,   2.00000,   8.52000,   0.00184,1847.14307,   9.81968,   0.88544,   0.10434,   0.01021,   0.19573,   0.98978,   0.00908,3254.00000
 290.00000,   2.00000,   8.82000,   0.01235,  34.37305,   0.52592,   0.82560,   0.06159,   0.11279,   0.16136,   0.88720,   0.08762, 567.00000
 291.00000,   2.00000,   4.58000,   0.01087,  23.90675,   0.35433,   0.67751,   0.30560,   0.01689,   0.18885,   0.98310,   0.01261, 920.00000
 292.00000,   2.00000,   8.20000,   0.02469,   4.04239,   0.25615,   0.89203,   0.09848,   0.00949,   0.12651,   0.99051,   0.00849, 162.00000
 293.00000,   2.00000,   6.61000,   0.02449,  32.02524,   1.05703,   0.98132,   0.01567,   0.00301,   0.13897,   0.99698,   0.00295, 245.00000
 294.00000,   2.00000,   7.64000,   0.01806,  81.36749,   2.09242,   0.04341,   0.87471,   0.08187,   0.55783,   0.91812,   0.04016, 443.00000
 295.00000,   2.00000,   6.10000,   0.00975, 131.13577,   1.06195,   0.99013,   0.00913,   0.00074,   0.36205,   0.99926,   0.00073, 718.00000
 296.00000,   2.00000,   4.78000,   0.01209,  37.08084,   0.58291,   0.87152,   0.11386,   0.01461,   0.19498,   0.98538,   0.01278, 579.00000
 297.00000,   2.00000,   7.31000,   0.00820,  15.98429,   0.40019,   0.91169,   0.08145,   0.00686,   0.22943,   0.99314,   0.00626, 366.00000
 298.00000,   2.00000,   8.52000,   0.00909,  29.31763,   0.96969,   0.78202,   0.19137,   0.02660,   0.26598,   0.97340,   0.02137, 330.00000
 299.00000,   2.00000,   6.25000,   0.01176,  24.94483,   0.91762,   0.86757,   0.12554,   0.00688,   0.49008,   0.99312,   0.00604, 170.00000
 300.00000,   3.00000,  15.93000,   0.04819,  21.49934,   0.96482,   0.90779,   0.07860,   0.01361,   0.28860,   0.98639,   0.01231, 166.00000
 301.00000,   3.00000,  17.45000,   0.09239,   5.74676,   0.60902,   0.43572,   0.19932,   0.36495,   0.36273,   0.63504,   0.18917, 184.00000
 302.00000,   3.00000,  16.61000,   0.07965,   7.66153,   0.68188,   0.51758,   0.37975,   0.10266,   1.41313,   0.89733,   0.06477, 113.00000
 303.00000,   3.00000,  17.26000,   0.12791,  12.88838,   0.79773,   0.73429,   0.11530,   0.15040,   1.10245,   0.84959,   0.10621, 172.00000
 304.00000,   3.00000,  17.24000,   0.01235,  12.41048,   0.83237,   0.70596,   0.23117,   0.06284,   0.14294,   0.93714,   0.04632, 162.00000
 305.00000,   3.00000,  15.07000,   0.20388,   5.28206,   0.55651,   0.82741,   0.15899,   0.01360,   0.94424,   0.98640,   0.01146, 103.00000
 306.00000,   3.00000,  15.34000,   0.07161,  31.05059,   1.35735,   0.69218,   0.15463,   0.15317,   0.30347,   0.84681,   0.10484, 391.00000
 307.00000,   3.00000,  16.17000,   0.00775,  28.28344,   0.85361,   0.76050,   0.20293,   0.03657,   0.80227,   0.96343,   0.02865, 129.00000
 308.00000,   3.00000,  12.26000,   0.00862,  12.35908,   0.55680,   0.96865,   0.01813,   0.01322,   0.15077,   0.98678,   0.01265, 232.00000
 309.00000,   3.00000,  14.12000,   0.01529,   7.88133,   0.59940,   0.65688,   0.08120,   0.26191,   0.25169,   0.73807,   0.16318, 327.00000
 310.00000,   3.00000,  16.57000,   0.02217,  13.89855,   0.59434,   0.42078,   0.52456,   0.05465,   0.32967,   0.94534,   0.03345, 406.00000
 311.00000,   3.00000,  13.73000,   0.08000,   4.55991,   0.33306,   0.75389,   0.23901,   0.00710,   0.42723,   0.99290,   0.00566, 125.00000
 312.00000,   3.00000,  17.11000,   0.23016,   9.12748,   0.68274,   0.86797,   0.08855,   0.04348,   1.90427,   0.95652,   0.03699, 126.00000
 313.00000,   3.00000,  10.98000,   0.02967,  19.56774,   0.77630,   0.95602,   0.03347,   0.01051,   0.16734,   0.98949,   0.00996, 337.00000
 314.00000,   3.00000,  14.59000,   0.08491,   1.31511,   0.29994,   0.98297,   0.00252,   0.01450,   0.32488,   0.98550,   0.01406, 106.00000
 315.00000,   3.00000,  12.33000,   0.13393,   0.89157,   0.24912,   0.98930,   0.00329,   0.00741,   0.31437,   0.99259,   0.00728, 112.00000
 316.00000,   3.00000,  14.97000,   0.09150,  20.44448,   0.82950,   0.73739,   0.24779,   0.01481,   0.27606,   0.98518,   0.01160, 306.00000
 317.00000,   3.00000,  12.63000,   0.04484,  18.66195,   0.82147,   0.60421,   0.36139,   0.03440,   0.77385,   0.96560,   0.02405, 223.00000
 318.00000,   3.00000,  17.51000,   0.19394,   4.19463,   0.28807,   0.65794,   0.33417,   0.00789,   0.34089,   0.99210,   0.00585, 165.00000
 319.00000,   3.00000,  14.79000,   0.10497,  65.30755,   0.83698,   0.55827,   0.38762,   0.05411,   0.70589,   0.94588,   0.03618, 181.00000
 320.00000,   3.00000,  17.20000,   0.06040,   2.34860,   0.39597,   0.93618,   0.04881,   0.01501,   0.36136,   0.98499,   0.01391, 149.00000
 321.00000,   3.00000,  16.26000,   0.03731,  12.72483,   0.55190,   0.54691,   0.44416,   0.00893,   0.34878,   0.99107,   0.00611, 268.00000
 322.00000,   3.00000,  18.30000,   0.14211,  10.98156,   0.85600,   0.33768,   0.22885,   0.43345,   0.50659,   0.56654,   0.20682, 190.00000
 323.00000,   3.00000,  17.04000,   0.19802,   8.25370,   0.69152,   0.86073,   0.09432,   0.04495,   1.21076,   0.95505,   0.03796, 101.00000
 324.00000,   3.00000,  19.47000,   0.14433,   3.05195,   0.39174,   0.48457,   0.45516,   0.06025,   0.21048,   0.93973,   0.03824, 194.00000
 325.00000,   3.00000,  14.95000,   0.09630,  12.48243,   0.68244,   0.94647,   0.02700,   0.02653,   0.49623,   0.97346,   0.02457, 135.00000
 326.00000,   3.00000,  15.31000,   0.14615,  15.97723,   0.88933,   0.87078,   0.02033,   0.10888,   0.53668,   0.89111,   0.08794, 130.00000
 327.00000,   3.00000,  20.16000,   0.07534,  23.65915,   1.01670,   0.41601,   0.53759,   0.04639,   0.23844,   0.95360,   0.02845, 292.00000
 328.00000,   3.00000,  15.24000,   0.19672,   5.25188,   0.53946,   0.65575,   0.30330,   0.04095,   0.78330,   0.95905,   0.02956, 122.00000
 329.00000,   3.00000,  18.24000,   0.02105,   4.43152,   0.51177,   0.81040,   0.17351,   0.01608,   0.33329,   0.98391,   0.01334, 190.00000
 330.00000,   3.00000,  17.00000,   0.04419,  26.47460,   0.96415,   0.45095,   0.50642,   0.04261,   0.21642,   0.95738,   0.02677, 430.00000
 331.00000,   3.00000,  12.90000,   0.30769,   1.24115,   0.29268,   0.98063,   0.00637,   0.01299,   0.30353,   0.98701,   0.01259, 117.00000
 332.00000,   3.00000,  15.09000,   0.06912,   8.58136,   0.55170,   0.68225,   0.30539,   0.01235,   0.28986,   0.98765,   0.00928, 217.00000
 333.00000,   3.00000,  14.69000,   0.05650,  37.25322,   1.15116,   0.95434,   0.01075,   0.03491,   0.42653,   0.96509,   0.03231, 177.00000
 334.00000,   3.00000,  16.79000,   0.14179,   5.55895,   0.51723,   0.83757,   0.13561,   0.02682,   0.76818,   0.97318,   0.02255, 134.00000
 335.00000,   3.00000,  16.36000,   0.06557,  27.73966,   1.04137,   0.68057,   0.26432,   0.05510,   0.71030,   0.94489,   0.04009, 305.00000
 336.00000,   3.00000,  16.21000,   0.07018,   1.33685,   0.23435,   0.98697,   0.00916,   0.00388,   0.42177,   0.99612,   0.00381, 114.00000
 337.00000,   3.00000,  24.90000,   0.09756,   2.13867,   0.36619,   0.94440,   0.03853,   0.01707,   0.50053,   0.98293,   0.01591, 123.00000
 338.00000,   3.00000,  18.02000,   0.05983,  11.75501,   0.81995,   0.92644,   0.03650,   0.03706,   0.90730,   0.96294,   0.03337, 117.00000
 339.00000,   3.00000,  14.85000,   0.08125,  38.51441,   0.86510,   0.60899,   0.31213,   0.07888,   0.66353,   0.92111,   0.05366, 160.00000
 340.00000,   3.00000,  17.03000,   0.16102,   1.93896,   0.35884,   0.89647,   0.06632,   0.03721,   0.37840,   0.96279,   0.03262, 118.00000
 341.00000,   3.00000,  17.74000,   0.13918,   2.60136,   0.38590,   0.78109,   0.17942,   0.03948,   0.25302,   0.96051,   0.03138, 194.00000
 342.00000,   3.00000,  15.05000,   0.10769,   7.01416,   0.69309,   0.90856,   0.04236,   0.04907,   0.55874,   0.95093,   0.04303, 130.00000
 343.00000,   3.00000,  14.78000,   0.09714,   4.95796,   0.42237,   0.64479,   0.34102,   0.01419,   0.35600,   0.98580,   0.01036, 175.00000
 344.00000,   3.00000,  17.74000,   0.10135,   3.57770,   0.36923,   0.71908,   0.25381,   0.02710,   0.36003,   0.97289,   0.02072, 148.00000
 345.00000,   3.00000,  16.52000,   0.01515,  28.05180,   1.10203,   0.26034,   0.66561,   0.07403,   0.20482,   0.92595,   0.04082, 396.00000
 346.00000,   3.00000,  18.76000,   0.10303,   9.13310,   0.55132,   0.40530,   0.40338,   0.19131,   0.77397,   0.80868,   0.10712, 165.00000
 347.00000,   3.00000,  14.40000,   0.04062,  13.85153,   0.55254,   0.57842,   0.40835,   0.01323,   0.42365,   0.98677,   0.00922, 320.00000
 348.00000,   3.00000,  14.97000,   0.11667,   1.24483,   0.19961,   0.95040,   0.04631,   0.00329,   0.33698,   0.99671,   0.00312, 120.00000
 349.00000,   3.00000,  11.08000,   0.08527,   2.25083,   0.33636,   0.39594,   0.55214,   0.05191,   0.24079,   0.94807,   0.03135, 129.00000
 350.00000,   3.00000,  14.02000,   0.08871,   4.49370,   0.32988,   0.70238,   0.29045,   0.00717,   0.41344,   0.99283,   0.00549, 124.00000
 351.00000,   3.00000,  13.08000,   0.02284,  15.09145,   0.55250,   0.70661,   0.28799,   0.00540,   0.44891,   0.99459,   0.00416, 394.00000
 352.00000,   3.00000,  15.84000,   0.03900,  19.78627,   0.80751,   0.71273,   0.27042,   0.01684,   0.25939,   0.98315,   0.01292, 359.00000
 353.00000,   3.00000,  19.07000,   0.07759,   2.91036,   0.41377,   0.59518,   0.34414,   0.06067,   0.18396,   0.93932,   0.04140, 232.00000
 354.00000,   3.00000,  11.06000,   0.01724,  12.91467,   0.59085,   0.98873,   0.01034,   0.00093,   0.04817,   0.99907,   0.00092, 290.00000
 355.00000,   3.00000,  19.41000,   0.06158,  16.70786,   0.68777,   0.59615,   0.37237,   0.03147,   0.22176,   0.96852,   0.02193, 341.00000
 356.00000,   3.00000,  15.11000,   0.12162,  19.50643,   0.98882,   0.89395,   0.02525,   0.08080,   0.68972,   0.91919,   0.06808, 148.00000
 357.00000,   3.00000,  16.08000,   0.17094,   0.96010,   0.26453,   0.98670,   0.00280,   0.01050,   0.30431,   0.98950,   0.01025, 117.00000
 358.00000,   3.00000,  16.95000,   0.09091,   4.15161,   0.52760,   0.30821,   0.63202,   0.05975,   0.20081,   0.94023,   0.03411, 231.00000
 359.00000,   3.00000,  16.01000,   0.05247,  16.90011,   1.01337,   0.57309,   0.18800,   0.23889,   0.20440,   0.76109,   0.14341, 324.00000
 360.00000,   3.00000,  16.56000,   0.03791,  24.11346,   0.98259,   0.90782,   0.02462,   0.06756,   0.52289,   0.93244,   0.05825, 211.00000
 361.00000,   3.00000,  11.01000,   0.01216,  20.85085,   1.05329,   0.28409,   0.30969,   0.40619,   0.28090,   0.59378,   0.19141, 658.00000
 362.00000,   3.00000,  17.44000,   0.04633,  33.61299,   0.88821,   0.42156,   0.50425,   0.07417,   0.13453,   0.92581,   0.04488, 518.00000
 363.00000,   3.00000,  15.17000,   0.19492,   5.27718,   0.52850,   0.97875,   0.01317,   0.00808,   0.69120,   0.99192,   0.00785, 118.00000
 364.00000,   3.00000,  17.02000,   0.03160,  17.85618,   0.61038,   0.65484,   0.33180,   0.01335,   0.32681,   0.98664,   0.00983, 443.00000
 365.00000,   3.00000,  17.33000,   0.01299,   3.45995,   0.47349,   0.92595,   0.04908,   0.02497,   0.36291,   0.97503,   0.02272, 154.00000
 366.00000,   3.00000,  11.14000,   0.07258,   5.18186,   0.37829,   0.75458,   0.23792,   0.00749,   0.41551,   0.99250,   0.00598, 124.00000
 367.00000,   3.00000,  12.02000,   0.04950,   3.53321,   0.41048,   0.77464,   0.08086,   0.14448,   0.17255,   0.85550,   0.10547, 202.00000
 368.00000,   3.00000,  17.28000,   0.06593,  22.31072,   0.97900,   0.84670,   0.03626,   0.11703,   0.42126,   0.88296,   0.09213, 273.00000
 369.00000,   3.00000,  16.43000,   0.15672,   1.80180,   0.33179,   0.80934,   0.14475,   0.04590,   0.28232,   0.95409,   0.03712, 134.00000
 370.00000,   3.00000,  16.93000,   0.11628,  11.72023,   0.88468,   0.67308,   0.14029,   0.18661,   0.17754,   0.81337,   0.12330, 215.00000
 371.00000,   3.00000,  22.90000,   0.07748,  32.00183,   0.90015,   0.49722,   0.14701,   0.35575,   0.38079,   0.64423,   0.19142, 413.00000
 372.00000,   3.00000,  20.67000,   0.06122,   8.87296,   0.70843,   0.74475,   0.10802,   0.14723,   0.87810,   0.85276,   0.10498, 147.00000
 373.00000,   3.00000,  19.43000,   0.07143,   6.02071,   0.61453,   0.04947,   0.10957,   0.84094,   0.40020,   0.15904,   0.30126, 168.00000
 374.00000,   3.00000,  17.28000,   0.12230,   6.42568,   0.44423,   0.87048,   0.10302,   0.02649,   0.35706,   0.97350,   0.02292, 139.00000
 375.00000,   3.00000,  16.45000,   0.10695,  12.68597,   0.92628,   0.44358,   0.29226,   0.26414,   0.32785,   0.73584,   0.14509, 187.00000
 376.00000,   3.00000,  18.76000,   0.09317,  20.40446,   0.86167,   0.59974,   0.35840,   0.04186,   1.92806,   0.95814,   0.02903, 161.00000
 377.00000,   3.00000,  24.87000,   0.11475,   6.48375,   0.62757,   0.44431,   0.10869,   0.44698,   0.40435,   0.55300,   0.22320, 183.00000
 378.00000,   3.00000,  13.62000,   0.12775,   6.50806,   0.65348,   0.65844,   0.10878,   0.23276,   0.17411,   0.76722,   0.14785, 227.00000
 379.00000,   3.00000,  20.68000,   0.01923,   7.95718,   0.66445,   0.60415,   0.19297,   0.20287,   0.70567,   0.79712,   0.12690, 104.00000
 380.00000,   3.00000,  16.28000,   0.13918,   7.16571,   0.68468,   0.68974,   0.09617,   0.21407,   0.22038,   0.78591,   0.14044, 194.00000
 381.00000,   3.00000,  17.30000,   0.02312,   8.20783,   0.70580,   0.46241,   0.06330,   0.47428,   0.55825,   0.52571,   0.23574, 173.00000
 382.00000,   3.00000,  14.04000,   0.03448,  26.11848,   0.96192,   0.80832,   0.08505,   0.10663,   0.74368,   0.89337,   0.08213, 145.00000
 383.00000,   3.00000,  19.16000,   0.16667,   6.82126,   0.66314,   0.38943,   0.36380,   0.24675,   0.26250,   0.75323,   0.13285, 216.00000
 384.00000,   3.00000,  22.35000,   0.08333,  10.87029,   0.84979,   0.58504,   0.17415,   0.24079,   0.24798,   0.75919,   0.14543, 252.00000
 385.00000,   3.00000,  18.69000,   0.08811,  11.95203,   0.87692,   0.43526,   0.14947,   0.41525,   0.25661,   0.58473,   0.20973, 227.00000
 386.00000,   3.00000,  17.22000,   0.18421,   7.03686,   0.67942,   0.46472,   0.31390,   0.22136,   0.28756,   0.77862,   0.12601, 190.00000
 387.00000,   3.00000,  25.83000,   0.04245,  12.04858,   0.84920,   0.48733,   0.07632,   0.43634,   0.44450,   0.56365,   0.22388, 212.00000
 388.00000,   3.00000,  16.42000,   0.11043,   9.85497,   0.74740,   0.41361,   0.11392,   0.47246,   0.52535,   0.52752,   0.22948, 163.00000
 389.00000,   3.00000,  16.33000,   0.05752,  11.45202,   0.86894,   0.72714,   0.02945,   0.24339,   0.25428,   0.75660,   0.16052, 226.00000
 390.00000,   3.00000,  16.42000,   0.15421,   9.27687,   0.80553,   0.70608,   0.10073,   0.19316,   0.20032,   0.80682,   0.12990, 214.00000
 391.00000,   3.00000,  14.85000,   0.05820,  47.26087,   1.59008,   0.49527,   0.30855,   0.19618,   0.89196,   0.80382,   0.11534, 189.00000
 392.00000,   3.00000,  18.64000,   0.12644,   4.68965,   0.54049,   0.51692,   0.29444,   0.18862,   0.23771,   0.81136,   0.11283, 174.00000
 393.00000,   3.00000,  15.27000,   0.10714,   8.60983,   0.72464,   0.29687,   0.39475,   0.30835,   0.17674,   0.69162,   0.15330, 168.00000
 394.00000,   3.00000,  15.19000,   0.06667,   9.43796,   0.71643,   0.45533,   0.30005,   0.24460,   0.37316,   0.75538,   0.13671, 150.00000
 395.00000,   3.00000,  17.26000,   0.02649,   7.41888,   0.66314,   0.85893,   0.07447,   0.06659,   0.72102,   0.93341,   0.05514, 151.00000
 396.00000,   3.00000,   9.01000,   0.03636,   2.06880,   0.34302,   0.57829,   0.37919,   0.04252,   0.27987,   0.95747,   0.02904, 110.00000
 397.00000,   3.00000,  13.75000,   0.23423,  10.94899,   0.73219,   0.59104,   0.32783,   0.08112,   1.08861,   0.91888,   0.05444, 111.00000
 398.00000,   3.00000,  20.84000,   0.04321,  27.39697,   1.12680,   0.43964,   0.09352,   0.46681,   0.24044,   0.53316,   0.23028, 324.00000
 399.00000,   3.00000,  13.88000,   0.04977,  19.62891,   1.02457,   0.89576,   0.08213,   0.02210,   0.36981,   0.97789,   0.01962, 221.00000
 400.00000,   4.00000,  13.09000,   0.02088,   4.82895,   0.60393,   0.56587,   0.13675,   0.29735,   0.14846,   0.70262,   0.17173, 431.00000
 401.00000,   4.00000,  12.59000,   0.01161,  52.18308,   1.95940,   0.46244,   0.05877,   0.47877,   0.30094,   0.52121,   0.23745,2411.00000
 402.00000,   4.00000,   9.87000,   0.05618,   4.84251,   0.59612,   0.24105,   0.20673,   0.55219,   0.22608,   0.44778,   0.23893, 267.00000
 403.00000,   4.00000,  11.31000,   0.02048,  13.73674,   1.00375,   0.32208,   0.44861,   0.22929,   0.24716,   0.77069,   0.12022, 879.00000
 404.00000,   4.00000,  13.75000,   0.00274,  87.33505,   2.49266,   0.58313,   0.05951,   0.35734,   0.21612,   0.64264,   0.20141,5476.00000
 405.00000,   4.00000,  10.10000,   0.01990,   9.07255,   0.79639,   0.24478,   0.41228,   0.34292,   0.26420,   0.65705,   0.16344, 402.00000
 406.00000,   4.00000,   7.30000,   0.01267,  19.14503,   1.18474,   0.33926,   0.28578,   0.37495,   0.43647,   0.62504,   0.18419,1184.00000
 407.00000,   4.00000,  22.06000,   0.00045, 113.85190,   2.73520,   0.68012,   0.10016,   0.21970,   0.15672,   0.78027,   0.14270,6675.00000
 408.00000,   4.00000,  25.85000,   0.00382,  39.79266,   1.73993,   0.34845,   0.44069,   0.21082,   0.13238,   0.78914,   0.11320,2358.00000
 409.00000,   4.00000,  12.18000,   0.00603,  34.02673,   1.61180,   0.58828,   0.02214,   0.38955,   0.21248,   0.61043,   0.21627,2817.00000
 410.00000,   4.00000,   9.63000,   0.00450,  65.28359,   2.15661,   0.35846,   0.29022,   0.35130,   0.26112,   0.64868,   0.17628,2889.00000
 411.00000,   4.00000,  17.09000,   0.00078, 114.02902,   2.96941,   0.51304,   0.18549,   0.30145,   0.21771,   0.69853,   0.16856,7704.00000
 412.00000,   4.00000,  10.74000,   0.03352,   8.25258,   0.76448,   0.42065,   0.08805,   0.49128,   0.28735,   0.50869,   0.23726, 358.00000
 413.00000,   4.00000,  16.80000,   0.01015,  37.63683,   1.66718,   0.35404,   0.16253,   0.48341,   0.51464,   0.51658,   0.22702,1675.00000
 414.00000,   4.00000,  10.68000,   0.00778,  23.16366,   1.33008,   0.41065,   0.17081,   0.41852,   0.28239,   0.58146,   0.20844,1157.00000
 415.00000,   4.00000,  11.63000,   0.01311,  17.26276,   1.14103,   0.48352,   0.34263,   0.17382,   0.23726,   0.82616,   0.10284,1144.00000
 416.00000,   4.00000,  20.28000,   0.00354,  80.86115,   2.46944,   0.60042,   0.12424,   0.27533,   0.52262,   0.72466,   0.16439,5938.00000
 417.00000,   4.00000,  17.75000,   0.00470,  48.03606,   1.86879,   0.20446,   0.12746,   0.66807,   0.58812,   0.33192,   0.27118,2126.00000
 418.00000,   4.00000,  10.02000,   0.03101,   3.13423,   0.41602,   0.91678,   0.00549,   0.07773,   0.26983,   0.92227,   0.06695, 129.00000
 419.00000,   4.00000,  26.28000,   0.01209,  47.64983,   1.87450,   0.23554,   0.32013,   0.44433,   0.53278,   0.55566,   0.20116,1985.00000
 420.00000,   4.00000,   9.84000,   0.01379,  21.26250,   1.23214,   0.12091,   0.43982,   0.43924,   0.26743,   0.56073,   0.18947,1015.00000
 421.00000,   4.00000,  20.69000,   0.00590,  58.40570,   2.11289,   0.10427,   0.67633,   0.21938,   0.27474,   0.78060,   0.10372,3392.00000
 422.00000,   4.00000,  13.47000,   0.00307,  73.99178,   2.34392,   0.63522,   0.17352,   0.19125,   0.38356,   0.80874,   0.12291,4241.00000
 423.00000,   4.00000,  17.98000,   0.00537,  43.25525,   1.78532,   0.15450,   0.44290,   0.40258,   0.56350,   0.59740,   0.17908,2234.00000
 424.00000,   4.00000,  13.78000,   0.02744,  11.72490,   0.94322,   0.22489,   0.27230,   0.50278,   0.20710,   0.49719,   0.22072, 583.00000
 425.00000,   4.00000,  10.73000,   0.02062,  12.77468,   0.98031,   0.69452,   0.11729,   0.18817,   0.16556,   0.81180,   0.12598, 582.00000
 426.00000,   4.00000,  12.64000,   0.06291,   5.38601,   0.61444,   0.67149,   0.04477,   0.28371,   0.19284,   0.71626,   0.17598, 302.00000
 427.00000,   4.00000,  13.72000,   0.00203,  66.86897,   2.04517,   0.43631,   0.25408,   0.30959,   0.35675,   0.69040,   0.16527,3944.00000
 428.00000,   4.00000,   9.40000,   0.01600,   5.11934,   0.61734,   0.42077,   0.13877,   0.44042,   0.19592,   0.55955,   0.21807, 250.00000
 429.00000,   4.00000,  22.63000,   0.00165, 133.01813,   3.11985,   0.70099,   0.15987,   0.13913,   0.68027,   0.86086,   0.09675,8488.00000
 430.00000,   4.00000,  19.82000,   0.00190,  63.41431,   2.20124,   0.34363,   0.41391,   0.24245,   0.55339,   0.75754,   0.12768,4218.00000
 431.00000,   4.00000,  11.89000,   0.01828,  10.25534,   0.84300,   0.17785,   0.47927,   0.34285,   0.20473,   0.65712,   0.15836, 547.00000
 432.00000,   4.00000,  26.66000,   0.00254,  71.55556,   2.08230,   0.59991,   0.22713,   0.17294,   0.24043,   0.82704,   0.10994,4332.00000
 433.00000,   4.00000,  23.56000,   0.00084,  41.70085,   1.78221,   0.42244,   0.40148,   0.17603,   0.12692,   0.82393,   0.10039,3560.00000
 434.00000,   4.00000,  16.44000,   0.01134,  38.10373,   1.68331,   0.06905,   0.36915,   0.56178,   0.43365,   0.43820,   0.22537,1763.00000
 435.00000,   4.00000,  14.07000,   0.01076,  39.50002,   1.72242,   0.78542,   0.09080,   0.12377,   0.35099,   0.87622,   0.09248,1951.00000
 436.00000,   4.00000,  11.61000,   0.00653,  38.64793,   1.70599,   0.39579,   0.42050,   0.18370,   0.31117,   0.81629,   0.10275,2145.00000
 437.00000,   4.00000,  11.61000,   0.00663,  55.68974,   1.99918,   0.62151,   0.11936,   0.25912,   0.30172,   0.74086,   0.15823,2864.00000
 438.00000,   4.00000,  10.03000,   0.01362,  10.48421,   0.87018,   0.65888,   0.10474,   0.23635,   0.23588,   0.76363,   0.14983, 514.00000
 439.00000,   4.00000,  13.82000,   0.00504,  51.78699,   1.97932,   0.47824,   0.20492,   0.31682,   0.24601,   0.68316,   0.17232,3375.00000
 440.00000,   4.00000,  19.73000,   0.00136,  91.40171,   2.62205,   0.26036,   0.35061,   0.38899,   0.18331,   0.61098,   0.18274,5863.00000
 441.00000,   4.00000,  12.25000,   0.00354,  83.48955,   2.45300,   0.54203,   0.06606,   0.39189,   0.27709,   0.60809,   0.21185,3103.00000
 442.00000,   4.00000,  17.21000,   0.00203,  80.65845,   2.25449,   0.62959,   0.05464,   0.31574,   0.24728,   0.68424,   0.18726,6899.00000
 443.00000,   4.00000,  14.98000,   0.00156, 153.46336,   3.39406,   0.34325,   0.25606,   0.40067,   0.34741,   0.59931,   0.19475,12849.00000
 444.00000,   4.00000,  35.63000,   0.00049, 101.43115,   2.67680,   0.36406,   0.40100,   0.23492,   0.19407,   0.76506,   0.12557,8129.00000
 445.00000,   4.00000,  11.07000,   0.03012,  11.98899,   0.93114,   0.26886,   0.28440,   0.44672,   0.23188,   0.55325,   0.20512, 498.00000
 446.00000,   4.00000,  16.67000,   0.00299,  77.44486,   2.42647,   0.22445,   0.38338,   0.39215,   0.31131,   0.60783,   0.18091,3680.00000
 447.00000,   4.00000,  10.32000,   0.02625,   6.73966,   0.70075,   0.24339,   0.14008,   0.61650,   0.26297,   0.38347,   0.25979, 381.00000
 448.00000,   4.00000,  10.96000,   0.00466,  20.29643,   1.23682,   0.39349,   0.29516,   0.31132,   0.18809,   0.68865,   0.16233,1288.00000
 449.00000,   4.00000,  11.30000,   0.00528,  62.62844,   2.17152,   0.47454,   0.23158,   0.29385,   0.27502,   0.70613,   0.16152,3409.00000
 450.00000,   4.00000,  16.62000,   0.00545,  58.89845,   2.09396,   0.49762,   0.17343,   0.32892,   0.17783,   0.67105,   0.17961,3672.00000
 451.00000,   4.00000,  22.53000,   0.00292,  87.06140,   2.56150,   0.56204,   0.12646,   0.31148,   0.20433,   0.68850,   0.17805,6517.00000
 452.00000,   4.00000,  10.79000,   0.01920,  13.08065,   0.99926,   0.35451,   0.34993,   0.29554,   0.23498,   0.70444,   0.15226, 625.00000
 453.00000,   4.00000,  14.89000,   0.00813,  65.08335,   2.12956,   0.38903,   0.25100,   0.35994,   0.18663,   0.64003,   0.18263,3198.00000
 454.00000,   4.00000,   9.84000,   0.04178,   7.72516,   0.75637,   0.07670,   0.10182,   0.82144,   0.26116,   0.17853,   0.29928, 383.00000
 455.00000,   4.00000,  10.69000,   0.02236,  10.58436,   0.88311,   0.45921,   0.25308,   0.28768,   0.17433,   0.71229,   0.15734, 626.00000
 456.00000,   4.00000,  14.14000,   0.00957,  21.31153,   1.27405,   0.07112,   0.35559,   0.57325,   0.21949,   0.42671,   0.22911,2299.00000
 457.00000,   4.00000,   8.81000,   0.02692,   7.04315,   0.65781,   0.58498,   0.13026,   0.28474,   0.24120,   0.71524,   0.16752, 260.00000
 458.00000,   4.00000,  12.48000,   0.01733,   9.85676,   0.86317,   0.42955,   0.20614,   0.36428,   0.18806,   0.63569,   0.18829, 577.00000
 459.00000,   4.00000,   8.16000,   0.01042,  21.40785,   1.27381,   0.06791,   0.69184,   0.24020,   0.13572,   0.75976,   0.11058, 960.00000
 460.00000,   4.00000,  18.36000,   0.00370,  48.60604,   1.90237,   0.23248,   0.31112,   0.45639,   0.55973,   0.54360,   0.20522,2432.00000
 461.00000,   4.00000,  10.72000,   0.02462,   9.53255,   0.84156,   0.36122,   0.42504,   0.21371,   0.23618,   0.78626,   0.11537, 528.00000
 462.00000,   4.00000,   9.93000,   0.03778,   9.76083,   0.85437,   0.29439,   0.22602,   0.47955,   0.22177,   0.52042,   0.21946, 450.00000
 463.00000,   4.00000,  14.10000,   0.02006,   9.85470,   0.86252,   0.50386,   0.03218,   0.46394,   0.21587,   0.53603,   0.23670, 648.00000
 464.00000,   4.00000,  29.00000,   0.00150,  99.28565,   2.72960,   0.14991,   0.39369,   0.45637,   0.23919,   0.54360,   0.19787,7343.00000
 465.00000,   4.00000,  14.41000,   0.00737,  16.36899,   1.04041,   0.19871,   0.35598,   0.44527,   0.17223,   0.55469,   0.19820,1221.00000
 466.00000,   4.00000,  15.90000,   0.00981,  43.17815,   1.81023,   0.50905,   0.27214,   0.21879,   0.23034,   0.78119,   0.12797,2549.00000
 467.00000,   4.00000,  28.65000,   0.00802,  47.69361,   1.88683,   0.09256,   0.20118,   0.70621,   0.16275,   0.29373,   0.27021,3740.00000
 468.00000,   4.00000,  13.61000,   0.01923,   9.79159,   0.82000,   0.02434,   0.51826,   0.45736,   0.19106,   0.54260,   0.18798, 520.00000
 469.00000,   4.00000,  16.52000,   0.00043,  86.62818,   2.55434,   0.54509,   0.23593,   0.21896,   0.35263,   0.78102,   0.13081,4667.00000
 470.00000,   4.00000,  17.58000,   0.00356, 138.29095,   3.15711,   0.34184,   0.40992,   0.24821,   0.22854,   0.75176,   0.13020,7857.00000
 471.00000,   4.00000,  18.95000,   0.00196,  60.47213,   2.14101,   0.46539,   0.12199,   0.41260,   0.43263,   0.58738,   0.21190,3580.00000
 472.00000,   4.00000,   8.19000,   0.00687,  44.23292,   1.82446,   0.24788,   0.58997,   0.16212,   0.19161,   0.83785,   0.08469,1747.00000
 473.00000,   4.00000,  13.75000,   0.01517,  15.60874,   1.10055,   0.51093,   0.02695,   0.46210,   0.19726,   0.53787,   0.23683,1055.00000
 474.00000,   4.00000,  18.93000,   0.00208,  63.17095,   2.17373,   0.44915,   0.21070,   0.34014,   0.63709,   0.65985,   0.17987,5292.00000
 475.00000,   4.00000,  10.82000,   0.00612,  60.41482,   2.10500,   0.48742,   0.14707,   0.36549,   0.29258,   0.63449,   0.19461,2614.00000
 476.00000,   4.00000,  15.39000,   0.00826,  51.31833,   1.95711,   0.38808,   0.04111,   0.57078,   0.23125,   0.42919,   0.26151,2786.00000
 477.00000,   4.00000,  14.88000,   0.00570,  45.30144,   1.83594,   0.51799,   0.18257,   0.29942,   0.20785,   0.70056,   0.16808,2631.00000
 478.00000,   4.00000,   8.70000,   0.00732,  41.39786,   1.76323,   0.45949,   0.38023,   0.16026,   0.18084,   0.83971,   0.09423,2048.00000
 479.00000,   4.00000,  18.10000,   0.01540,  18.92443,   1.01280,   0.40562,   0.48020,   0.11417,   0.28466,   0.88581,   0.06682, 909.00000
 480.00000,   4.00000,  11.80000,   0.02485,  24.34422,   1.34392,   0.35592,   0.13079,   0.51327,   0.28421,   0.48671,   0.23792,1006.00000
 481.00000,   4.00000,  27.58000,   0.00264,  97.80697,   2.70976,   0.56572,   0.17035,   0.26390,   0.16198,   0.73607,   0.15540,6806.00000
 482.00000,   4.00000,  21.18000,   0.00066, 104.98669,   2.78773,   0.36448,   0.23336,   0.40212,   0.17300,   0.59785,   0.19735,7631.00000
 483.00000,   4.00000,   7.39000,   0.00319,  41.97054,   1.80447,   0.44576,   0.26792,   0.28630,   0.25798,   0.71368,   0.15555,2823.00000
 484.00000,   4.00000,  16.10000,   0.00372,  61.91587,   2.17175,   0.03779,   0.49637,   0.46580,   0.18662,   0.53416,   0.19185,3768.00000
 485.00000,   4.00000,  13.01000,   0.01410,  11.77146,   0.93381,   0.06872,   0.59686,   0.33439,   0.22372,   0.66558,   0.14759, 780.00000
 486.00000,   4.00000,  18.53000,   0.00251,  71.64785,   2.28425,   0.47766,   0.10987,   0.41245,   0.22382,   0.58753,   0.21318,4378.00000
 487.00000,   4.00000,   9.86000,   0.06803,   2.56425,   0.43149,   0.55243,   0.15990,   0.28765,   0.24350,   0.71233,   0.16577, 147.00000
 488.00000,   4.00000,  18.70000,   0.00310, 136.42377,   3.23302,   0.57019,   0.15776,   0.27203,   0.25289,   0.72795,   0.15985,9031.00000
 489.00000,   4.00000,  11.46000,   0.00445,  54.59575,   2.03219,   0.35187,   0.54769,   0.10041,   0.14197,   0.89956,   0.05742,2472.00000
 490.00000,   4.00000,  11.84000,   0.02988,  12.31311,   0.92402,   0.26014,   0.31472,   0.42511,   0.25717,   0.57486,   0.19636, 569.00000
 491.00000,   4.00000,  23.34000,   0.00073,  76.27849,   2.41713,   0.14205,   0.29391,   0.56400,   0.19079,   0.43596,   0.23287,5449.00000
 492.00000,   4.00000,  15.83000,   0.00495,  58.10167,   2.05419,   0.40693,   0.22738,   0.36566,   0.19579,   0.63431,   0.18668,2626.00000
 493.00000,   4.00000,  11.86000,   0.00617,  50.42289,   1.94393,   0.26080,   0.19729,   0.54188,   0.26570,   0.45809,   0.23756,2918.00000
 494.00000,   4.00000,   7.60000,   0.01223,  23.46857,   1.32976,   0.32482,   0.16431,   0.51084,   0.21569,   0.48913,   0.23369,1554.00000
 495.00000,   4.00000,  11.54000,   0.00475,  31.93929,   1.55992,   0.48119,   0.27269,   0.24610,   0.20118,   0.75388,   0.13944,2739.00000
 496.00000,   4.00000,  15.17000,   0.00224,  82.13650,   2.49801,   0.45529,   0.32652,   0.21816,   0.15059,   0.78181,   0.12375,6691.00000
 497.00000,   4.00000,  11.11000,   0.01198,  27.14062,   1.38493,   0.24473,   0.56172,   0.19352,   0.15570,   0.80645,   0.09930,1169.00000
 498.00000,   4.00000,  18.91000,   0.01156,  30.48559,   1.28314,   0.48365,   0.31959,   0.19674,   0.18946,   0.80323,   0.11485,1989.00000
 499.00000,   4.00000,  11.90000,   0.00530,  35.51073,   1.63761,   0.42163,   0.42450,   0.15385,   0.17375,   0.84612,   0.08882,1510.00000
